[Variables]
nozzle_expansion_applied_offset = 0.060500000001992266
nozzle_expansion_coefficient = 0.055000000001811156

