[Variables]
nozzle_expansion_applied_offset = 0.055000000001811156
nozzle_expansion_coefficient = 0.055000000001811156

