[Variables]
nozzle_expansion_applied_offset = 0.04625000000076995
nozzle_expansion_coefficient = 0.04625000000076995

