[Variables]
nozzle_expansion_applied_offset = 0.032375000000538966
nozzle_expansion_coefficient = 0.04625000000076995

